setwd("~/Desktop/Princeton/West-Nile-Project/data/walking_up_tree")
library(dplyr)
library(RFLPtools)
library(DescTools)
options(scipen = 100)
# atro
#x <- c(3,5,6,16,17,29,76)
# sp
x <- c(1,3,5,9,10,11,12,17,18,20,21,22,23,24,25,26,27,28,31,32,34,36,37,42,43,44,45,68,114,118,129,130,131,132,272,273,274,275,282,294,295,296,297,446,520,521,559,560,561,562,563,669,670,741,802,845,846,847,848,849,850,851,853,854,867,868,933,934,935,936,989,992,1037,1098,1099,1100,1101,1103,1104,1160,1163,1248,1250,1287,1311,1391,1392,1393,1394,1395,1396,1397,1401,1402,1435,1500,1507,1583,1585,1591,1593,1596,1599,1600,1601,1602,1603,1617,1621,1625,1640,1697,1698,1699,1704,1772,1840,1962,1964,1965,1972,1975,2003,2004,2006,2107,2172,2203,2221,2228,2266,2270,2284,2285,2289,2495,2520,2527,2532,2576,2578,2580,2734,2736,2760,2812,2828,2909,2910,2923,2926,2928,2930,2932,2933,2936,2954,2995,3031,3033,3034,3035,3036,3050,3053,3056,3078,3079,3080,3140,3173,3251,3252,3273,3278,3292,3365,3409,3413,3427,3491,3573,3666,3667,3668,3669,3670,3671,3700,3701,3729,3802,3809,3903,3905,3906,3947,3950,3951,3952,4082,4083,4112,4224,4225,4227,4228,4250,4326,4327,4343,4371,4406,4466,4467,4469,4511,4585,4586,4595,4636,4675,4711,4748,4749,4759,4850,4958,4968,4979,4985,4999,5000,5007)
# ia
# x <- c(5,6,7,8,62,80,89,90,93)
gTest_host <- c()
# x <- c(3)
for (i in 1:length(x)) {
s1 <- paste("matrix/", as.character(x[i]), "_group", "_matrix.csv", sep ="")
data <- read.csv(s1)
gTest_host[i] <- paste(as.character(x[i]), "_",
as.character(round(GTest(data,correct="none")$p.value, digits=8)), sep = "")
}
setwd("~/Desktop/Princeton/West-Nile-Project/data/walking_up_tree")
library(dplyr)
library(RFLPtools)
library(DescTools)
options(scipen = 100)
# sp
x <- c(1,3,5,9,10,11,12,17,18,20,21,22,23,24,25,26,27,28,31,32,34,36,37,42,43,44,45,68,114,118,129,130,131,132,272,273,274,275,282,294,295,296,297,446,520,521,559,560,561,562,563,669,670,741,802,845,846,847,848,849,850,851,853,854,867,868,933,934,935,936,989,992,1037,1098,1099,1100,1101,1103,1104,1160,1163,1248,1250,1287,1311,1391,1392,1393,1394,1395,1396,1397,1401,1402,1435,1500,1507,1583,1585,1591,1593,1596,1599,1600,1601,1602,1603,1617,1621,1625,1640,1697,1698,1699,1704,1772,1840,1962,1964,1965,1972,1975,2003,2004,2006,2107,2172,2203,2221,2228,2266,2270,2284,2285,2289,2495,2520,2527,2532,2576,2578,2580,2734,2736,2760,2812,2828,2909,2910,2923,2926,2928,2930,2932,2933,2936,2954,2995,3031,3033,3034,3035,3036,3050,3053,3056,3078,3079,3080,3140,3173,3251,3252,3273,3278,3292,3365,3409,3413,3427,3491,3573,3666,3667,3668,3669,3670,3671,3700,3701,3729,3802,3809,3903,3905,3906,3947,3950,3951,3952,4082,4083,4112,4224,4225,4227,4228,4250,4326,4327,4343,4371,4406,4466,4467,4469,4511,4585,4586,4595,4636,4675,4711,4748,4749,4759,4850,4958,4968,4979,4985,4999,5000,5007)
gTest_host <- c()
# x <- c(3)
for (i in 1:length(x)) {
s1 <- paste("matrix/", as.character(x[i]), "_group", "_matrix.csv", sep ="")
data <- read.csv(s1)
gTest_host[i] <- paste(as.character(x[i]), "_",
as.character(round(GTest(data,correct="none")$p.value, digits=8)), sep = "")
}
for (i in 1:length(x)) {
s1 <- paste("matrix/", as.character(x[i]), "_group", "_matrix.csv", sep ="")
data <- read.csv(s1)
gTest_host[i] <- paste(as.character(x[i]), "_",
as.character(round(GTest(data,correct="none")$p.value, digits=8)), sep = "")
}
source("~/Desktop/Princeton/West-Nile-Project/data/walking_up_tree/Gtest.R", echo=TRUE)
library(dplyr)
library(RFLPtools)
library(DescTools)
options(scipen = 100)
# atro
#x <- c(3,5,6,16,17,29,76)
# sp
x <- c(1,3,5,9,10,11,12,17,18,20,21,22,23,24,25,26,27,28,31,32,34,36,37,42,43,44,45,68,114,118,129,130,131,132,272,273,274,275,282,294,295,296,297,446,520,521,559,560,561,562,563,669,670,741,802,845,846,847,848,849,850,851,853,854,867,868,933,934,935,936,989,992,1037,1098,1099,1100,1101,1103,1104,1160,1163,1248,1250,1287,1311,1391,1392,1393,1394,1395,1396,1397,1401,1402,1435,1500,1507,1583,1585,1591,1593,1596,1599,1600,1601,1602,1603,1617,1621,1625,1640,1697,1698,1699,1704,1772,1840,1962,1964,1965,1972,1975,2003,2004,2006,2107,2172,2203,2221,2228,2266,2270,2284,2285,2289,2495,2520,2527,2532,2576,2578,2580,2734,2736,2760,2812,2828,2909,2910,2923,2926,2928,2930,2932,2933,2936,2954,2995,3031,3033,3034,3035,3036,3050,3053,3056,3078,3079,3080,3140,3173,3251,3252,3273,3278,3292,3365,3409,3413,3427,3491,3573,3666,3667,3668,3669,3670,3671,3700,3701,3729,3802,3809,3903,3905,3906,3947,3950,3951,3952,4082,4083,4112,4224,4225,4227,4228,4250,4326,4327,4343,4371,4406,4466,4467,4469,4511,4585,4586,4595,4636,4675,4711,4748,4749,4759,4850,4958,4968,4979,4985,4999,5000,5007)
# ia
# x <- c(5,6,7,8,62,80,89,90,93)
gTest_host <- c()
# x <- c(3)
for (i in 1:length(x)) {
s1 <- paste("/Users/jocelynwang/Desktop/Princeton/West-Nile-Project/data/walking_up_tree/matirx/", as.character(x[i]), "_group", "_matrix.csv", sep ="")
data <- read.csv(s1)
gTest_host[i] <- paste(as.character(x[i]), "_",
as.character(round(GTest(data,correct="none")$p.value, digits=8)), sep = "")
}
gTest_host
write(gTest_host, paste(sp, "_host.txt", sep = ""))
library(dplyr)
library(RFLPtools)
library(DescTools)
options(scipen = 100)
# atro
#x <- c(3,5,6,16,17,29,76)
# sp
x <- c(1,3,5,9,10,11,12,17,18,20,21,22,23,24,25,26,27,28,31,32,34,36,37,42,43,44,45,68,114,118,129,130,131,132,272,273,274,275,282,294,295,296,297,446,520,521,559,560,561,562,563,669,670,741,802,845,846,847,848,849,850,851,853,854,867,868,933,934,935,936,989,992,1037,1098,1099,1100,1101,1103,1104,1160,1163,1248,1250,1287,1311,1391,1392,1393,1394,1395,1396,1397,1401,1402,1435,1500,1507,1583,1585,1591,1593,1596,1599,1600,1601,1602,1603,1617,1621,1625,1640,1697,1698,1699,1704,1772,1840,1962,1964,1965,1972,1975,2003,2004,2006,2107,2172,2203,2221,2228,2266,2270,2284,2285,2289,2495,2520,2527,2532,2576,2578,2580,2734,2736,2760,2812,2828,2909,2910,2923,2926,2928,2930,2932,2933,2936,2954,2995,3031,3033,3034,3035,3036,3050,3053,3056,3078,3079,3080,3140,3173,3251,3252,3273,3278,3292,3365,3409,3413,3427,3491,3573,3666,3667,3668,3669,3670,3671,3700,3701,3729,3802,3809,3903,3905,3906,3947,3950,3951,3952,4082,4083,4112,4224,4225,4227,4228,4250,4326,4327,4343,4371,4406,4466,4467,4469,4511,4585,4586,4595,4636,4675,4711,4748,4749,4759,4850,4958,4968,4979,4985,4999,5000,5007)
# ia
# x <- c(5,6,7,8,62,80,89,90,93)
gTest_host <- c()
# x <- c(3)
for (i in 1:length(x)) {
s1 <- paste("/Users/jocelynwang/Desktop/Princeton/West-Nile-Project/data/walking_up_tree/matirx/", as.character(x[i]), "_group", "_matrix.csv", sep ="")
data <- read.csv(s1)
gTest_host[i] <- paste(as.character(x[i]), "_",
as.character(round(GTest(data,correct="none")$p.value, digits=8)), sep = "")
}
gTest_host
write(gTest_host, "host.txt")
